БеленкоАлена 139
НевструевВладислав 119
ЗинченкоДанил 118
PetrosyantsMary 78
KirzhinovDovlet 77
ТерзиянГрант 58
ТрильВсеволод 57
ЛободаАнтон 17
НевструевДмитрий 11

-------------|00|01|02|03|04|05|06|07|08
НевструевДмит|00|01|03|02|00|03|01|00|01
KirzhinovDovl|17|00|20|00|00|20|20|00|00
ТрильВсеволод|17|00|00|00|20|00|20|00|00
PetrosyantsMa|18|20|20|00|00|20|00|00|00
НевструевВлад|19|20|00|20|00|20|20|20|00
  ЛободаАнтон|17|00|00|00|00|00|00|00|00
 ТерзиянГрант|18|00|00|20|00|20|00|00|00
ЗинченкоДанил|18|00|20|20|00|20|20|00|20
 БеленкоАлена|19|20|20|20|20|20|20|00|00

0 столбец принадлежит НевструевДмитрий
1 столбец принадлежит KirzhinovDovlet
2 столбец принадлежит ТрильВсеволод
3 столбец принадлежит PetrosyantsMary
4 столбец принадлежит НевструевВладислав
5 столбец принадлежит ЛободаАнтон
6 столбец принадлежит ТерзиянГрант
7 столбец принадлежит ЗинченкоДанил
8 столбец принадлежит БеленкоАлена
